0.000000  0.304688  0.539551  0.320801  0.482178  0.500488  0.566895  0.460205  0.316895
0.304688  0.000000  0.461426  0.463867  0.562988  0.571777  0.479736  0.301025  0.488281
0.539551  0.461426  0.000000  0.601074  0.633789  0.642578  0.461426  0.292480  0.619141
0.320801  0.463867  0.601074  0.000000  0.299805  0.322021  0.644043  0.560547  0.495605
0.482178  0.562988  0.633789  0.299805  0.000000  0.489502  0.666016  0.621582  0.574219
0.500488  0.571777  0.642578  0.322021  0.489502  0.000000  0.670898  0.609375  0.605957
0.566895  0.479736  0.461426  0.644043  0.666016  0.670898  0.000000  0.314453  0.606934
0.460205  0.301025  0.292480  0.560547  0.621582  0.609375  0.314453  0.000000  0.566895
0.316895  0.488281  0.619141  0.495605  0.574219  0.605957  0.606934  0.566895  0.000000
